Points on images: 
442.307 815.918
844.964 789.778
1301.46 760.144
1772 729.597
2263.52 697.689
2790.01 663.511
3352.88 626.971
450.287 1273.06
857.247 1258.85
1309.89 1243.04
1780.68 1226.6
2272.45 1209.43
2799.21 1191.03
3360.48 1171.43
458.316 1733.07
869.57 1729.48
1318.32 1725.56
1789.32 1721.45
2281.32 1717.16
2808.32 1712.56
3367.97 1707.67
466.378 2194.95
881.997 2204.02
1326.84 2213.72
1798.09 2224
2290.35 2234.75
2817.63 2246.25
3375.66 2258.43
Corners on Clibration Pad: 
0 0
20 0
40 0
60 0
80 0
100 0
120 0
0 20
20 20
40 20
60 20
80 20
100 20
120 20
0 40
20 40
40 40
60 40
80 40
100 40
120 40
0 60
20 60
40 60
60 60
80 60
100 60
120 60
